0 36 0.141304698039
1 44 0.162441728977
2 57 0.154718810988
3 59 0.152331727353
4 56 0.175377358017
5 76 0.17248020183
6 90 0.268476794568
7 51 0.162931690055
8 NaN
9 NaN
10 86 0.124502410186
11 73 0.158343805262
12 67 0.168466139107
13 NaN
14 61 0.154332989789
15 75 0.197102345018
16 44 0.179848367778
17 77 0.161959621244
18 54 0.15512670144
19 75 0.176590308023
20 62 0.181207559212
21 56 0.149832416621
22 51 0.139565799035
23 95 0.155100385742
24
25 NaN
26 79 0.154982084014
27 49 0.0885196820614
28 60 0.12373819108
29 75 0.114806148187
30 48 0.143355112834
31 NaN
32 58 0.147872682818
33 89 0.151928157137
34 68 0.114931148291
35 70 0.122222542711
36 99 0.146358199253
37 NaN
38 57 0.121149311991
39 52 0.1458426779
40 NaN
41
42 48 0.109987973864
43 65 0.111034856467
45 NaN
46 72 0.140296484085
47 71 0.140103710889
48 93 0.146090494091
49 81 0.139394103065
50 91 0.170216848132
51 85 0.267009627427
52 91 0.139595443653
53 73 0.10575290354
54 NaN
55 61 0.134079276104
56 53 0.131781261043
57
58 88 0.13819689317
59 73 0.117970949803
60 60 0.130804434982
61 NaN
62 62 0.14296525378
63 67 0.0984945196747
64 63 0.120115136348
65 77 0.225846198723
66 71 0.14325459209
67 67 0.136208340666
68 55 0.161672446594
69 66 0.18406441677
70 85 0.150193841078
71 NaN
72 96 0.146048694985
